[2.4835269e-09 2.5495766e-03 3.6307976e-03 4.7444752e-03 4.8454623e-03
 4.7645983e-03 4.7146743e-03 4.8132897e-03 5.7205153e-03 5.5854586e-03
 5.8959196e-03 6.6961050e-03 7.3711989e-03 6.1837104e-03 5.3232661e-03
 5.7526301e-03 4.8584677e-03 5.0113206e-03 5.3073340e-03 5.8432985e-03
 5.3115278e-03 5.7222792e-03 5.5601844e-03 5.6941495e-03 5.5159195e-03
 6.1266702e-03 5.9625073e-03 6.0441154e-03 5.3141299e-03 4.4481079e-03
 4.6520424e-03 5.2551911e-03 5.0599934e-03 4.9353000e-03 5.1161870e-03
 4.9221697e-03 5.3607053e-03 5.4069473e-03 5.4038242e-03 4.8863213e-03
 4.7340542e-03 5.6045521e-03 5.8199186e-03 6.0658851e-03 5.9141889e-03
 6.6222833e-03 7.4202307e-03 7.4895588e-03 7.8344541e-03 8.2065314e-03
 7.6272194e-03]