[1.24176347e-09 3.82215343e-03 6.78047771e-03 7.65149714e-03
 8.27239640e-03 1.16705010e-02 1.14976196e-02 9.96796507e-03
 1.03954272e-02 1.25980237e-02 1.41335009e-02 1.47731798e-02
 1.59035157e-02 1.87215526e-02 1.82983056e-02 2.13281866e-02
 2.31539179e-02 2.51752287e-02 2.40351986e-02 2.22036615e-02
 2.26569045e-02 2.11009607e-02 2.16208901e-02 2.00872105e-02
 2.11326461e-02 2.10193191e-02 1.95300821e-02 1.83673985e-02
 1.73960514e-02 1.88565627e-02 1.94186457e-02 1.70880351e-02
 1.77523252e-02 1.93510316e-02 1.82588398e-02 1.68949049e-02
 1.66431721e-02 1.59443468e-02 1.60412099e-02 1.60769317e-02
 1.59577783e-02 1.52975721e-02 1.47906961e-02 1.45795243e-02
 1.25348484e-02 1.31643265e-02 1.26691731e-02 1.27459196e-02
 1.15227355e-02 1.09643862e-02 8.90430901e-03]