[1.86264515e-09 3.38471611e-03 5.21799503e-03 6.13618270e-03
 5.90055110e-03 6.79826410e-03 6.50998624e-03 6.96374895e-03
 7.27794273e-03 7.43073225e-03 8.35891999e-03 9.68422182e-03
 9.82016791e-03 9.83634591e-03 9.51142982e-03 1.03690578e-02
 1.11886449e-02 1.13090537e-02 1.03278551e-02 1.05248615e-02
 1.22056780e-02 1.06460676e-02 1.08064041e-02 1.28665389e-02
 1.29280090e-02 1.25207407e-02 1.29749849e-02 1.26995789e-02
 1.27174780e-02 1.26235560e-02 1.22863492e-02 1.34370103e-02
 1.45582380e-02 1.36387311e-02 1.27574643e-02 1.08769564e-02
 1.21246604e-02 1.27210645e-02 1.36587359e-02 1.41126178e-02
 1.19990492e-02 1.31257577e-02 1.34863714e-02 1.37289139e-02
 1.35234399e-02 1.31480014e-02 1.30925337e-02 1.45697789e-02
 1.58025417e-02 1.51311746e-02 1.33506311e-02]