[7.76102169e-11 3.54012474e-03 5.57828089e-03 7.12637790e-03
 8.60173535e-03 8.80458951e-03 8.77176225e-03 8.90204217e-03
 9.00911819e-03 1.06438128e-02 1.29514821e-02 1.24332085e-02
 1.39232613e-02 1.53588625e-02 1.54805332e-02 1.59228202e-02
 1.65608134e-02 1.75385214e-02 1.71341728e-02 1.62617955e-02
 1.72425359e-02 1.61554459e-02 1.61337536e-02 1.59699861e-02
 1.61796603e-02 1.79602578e-02 1.82247683e-02 1.68598630e-02
 1.64826345e-02 1.65540799e-02 1.72435027e-02 1.55918710e-02
 1.64351016e-02 1.57149564e-02 1.49806617e-02 1.34300096e-02
 1.17359338e-02 1.18259741e-02 1.11665586e-02 1.01858424e-02
 1.02303168e-02 9.15651768e-03 8.33292399e-03 8.35973863e-03
 7.01330742e-03 7.53762759e-03 7.53019378e-03 7.51966797e-03
 7.86416139e-03 6.26441604e-03 6.76287943e-03]