[3.10440867e-10 3.89591628e-03 7.04018585e-03 1.03377886e-02
 1.09771015e-02 1.33179808e-02 1.46075459e-02 1.38109168e-02
 1.29730469e-02 1.69447549e-02 1.81942116e-02 1.61470268e-02
 1.83397084e-02 2.07279939e-02 1.91246364e-02 2.14515645e-02
 2.24383976e-02 2.40562502e-02 2.30663363e-02 2.23222226e-02
 2.05997992e-02 1.92149691e-02 1.78905707e-02 1.77209061e-02
 1.71255525e-02 1.66649297e-02 1.67140085e-02 1.35876080e-02
 1.52933290e-02 1.66012496e-02 1.69647001e-02 1.47491954e-02
 1.61948614e-02 1.76998768e-02 1.72595438e-02 1.49041107e-02
 1.49015905e-02 1.36875706e-02 1.35646909e-02 1.37867406e-02
 1.10348826e-02 1.08342478e-02 1.09367194e-02 1.06945680e-02
 8.60045943e-03 7.18226656e-03 6.54221931e-03 5.92851266e-03
 6.72832737e-03 6.28972007e-03 7.36424699e-03]