[7.76102127e-10 1.93214265e-03 3.42027005e-03 3.99613986e-03
 4.53144079e-03 5.07709850e-03 6.55342825e-03 6.01617014e-03
 6.46664575e-03 7.92844500e-03 8.60477239e-03 9.49012954e-03
 1.06645450e-02 1.20885922e-02 1.18683716e-02 1.23642636e-02
 1.33023476e-02 1.39648104e-02 1.40227638e-02 1.24770356e-02
 1.24318702e-02 1.20764328e-02 1.17076198e-02 1.31923929e-02
 1.30926771e-02 1.43345864e-02 1.45703508e-02 1.30675351e-02
 1.26735242e-02 1.30722784e-02 1.40934363e-02 1.39256902e-02
 1.37047665e-02 1.47728352e-02 1.46250203e-02 1.32529223e-02
 1.20976986e-02 1.11801587e-02 1.20227905e-02 1.16489017e-02
 1.04802055e-02 9.83094890e-03 9.06739384e-03 9.21433885e-03
 8.03976599e-03 8.55171587e-03 9.35249496e-03 9.45949927e-03
 9.12608486e-03 9.32108145e-03 9.02965944e-03]