[4.6566129e-10 1.4183338e-03 1.8058378e-03 2.1019084e-03 2.0557540e-03
 1.7292788e-03 2.3333915e-03 2.0338129e-03 2.1972547e-03 2.6997309e-03
 3.3460204e-03 3.6523454e-03 4.0118978e-03 3.8299698e-03 3.8638718e-03
 4.6407771e-03 4.2557777e-03 4.2539155e-03 4.0309201e-03 4.0817340e-03
 4.7416543e-03 4.8782541e-03 4.8035379e-03 4.7354600e-03 5.0789188e-03
 5.2968320e-03 5.3302846e-03 6.1187162e-03 5.9880367e-03 5.6095128e-03
 6.1076158e-03 6.5620714e-03 6.8384022e-03 7.0722983e-03 6.6287885e-03
 7.4694399e-03 7.7710021e-03 7.5610704e-03 6.7908945e-03 6.7635369e-03
 7.4494635e-03 6.2984708e-03 5.9907599e-03 6.7067109e-03 6.6816672e-03
 5.9877983e-03 6.0152053e-03 5.6325807e-03 5.6091342e-03 5.0938954e-03
 5.6808833e-03]