[3.49245965e-10 3.09016858e-03 5.89453615e-03 6.41312776e-03
 6.67096535e-03 7.86676072e-03 8.45918804e-03 7.74869835e-03
 7.80020887e-03 9.00766347e-03 9.34492517e-03 9.56705865e-03
 1.14009241e-02 1.18450252e-02 1.33681474e-02 1.44085707e-02
 1.46717774e-02 1.67146455e-02 1.57257337e-02 1.50253810e-02
 1.51886493e-02 1.47254849e-02 1.38406465e-02 1.38261886e-02
 1.56779643e-02 1.56681705e-02 1.52903432e-02 1.32302418e-02
 1.21315382e-02 1.24021964e-02 1.26116732e-02 1.20695168e-02
 1.32529410e-02 1.42159751e-02 1.24516850e-02 1.06404396e-02
 1.04807941e-02 9.55926906e-03 9.69108474e-03 9.50132776e-03
 8.88284203e-03 8.14139377e-03 7.42943073e-03 6.83260011e-03
 5.77311078e-03 5.07606100e-03 4.97262599e-03 4.33732243e-03
 4.19048918e-03 4.64705378e-03 4.71901381e-03]