[4.6566129e-10 1.7833159e-03 2.3181119e-03 2.2941639e-03 3.1746232e-03
 3.1343473e-03 3.2158813e-03 3.3332116e-03 2.9357534e-03 3.2816369e-03
 3.4436274e-03 4.0315408e-03 3.7949991e-03 4.4741486e-03 4.4408659e-03
 4.7974419e-03 4.1938978e-03 4.8400066e-03 4.4857780e-03 4.5205271e-03
 5.0725173e-03 5.8014975e-03 5.4332712e-03 5.7635806e-03 5.6404062e-03
 5.7695801e-03 5.4747849e-03 5.7730246e-03 6.3402038e-03 6.0434826e-03
 6.5695937e-03 7.4456502e-03 7.4609630e-03 7.5301551e-03 7.1045510e-03
 6.8264366e-03 7.1493774e-03 6.9197528e-03 6.9900849e-03 6.6713025e-03
 7.5348052e-03 6.6954531e-03 6.5888874e-03 7.3239300e-03 7.4559376e-03
 8.3169276e-03 8.4429355e-03 7.8087137e-03 7.1274810e-03 7.4466690e-03
 7.5319507e-03]