[9.3132257e-10 1.0796409e-03 1.5946944e-03 2.3296613e-03 2.6372494e-03
 2.4858981e-03 3.2172874e-03 3.6847712e-03 3.6161200e-03 3.2543845e-03
 3.4062627e-03 3.5562625e-03 3.9104763e-03 4.9271453e-03 4.8709181e-03
 3.9698202e-03 4.0004295e-03 4.0040049e-03 4.2546424e-03 4.3884632e-03
 4.5778626e-03 5.2528572e-03 5.1009473e-03 5.5884658e-03 5.9724972e-03
 6.1926506e-03 6.4249835e-03 5.7689869e-03 5.5581927e-03 5.7755373e-03
 6.1104894e-03 6.8151914e-03 6.9768294e-03 7.7445083e-03 7.6051331e-03
 8.1031276e-03 7.8021511e-03 7.6545440e-03 7.4902060e-03 7.9098018e-03
 8.8605648e-03 8.3875163e-03 8.3967922e-03 9.0372553e-03 8.6919926e-03
 8.0860890e-03 7.3546474e-03 8.1164092e-03 8.0918744e-03 8.0161793e-03
 9.5233051e-03]