[3.10440867e-10 6.34535216e-03 8.58986378e-03 1.02467733e-02
 9.35661700e-03 1.04651349e-02 9.43232793e-03 1.03926221e-02
 8.98652431e-03 1.01138903e-02 1.19524570e-02 1.36499489e-02
 1.42915500e-02 1.80127267e-02 1.96342524e-02 1.96506623e-02
 1.89801063e-02 1.81310792e-02 1.63850654e-02 1.64393876e-02
 1.72302481e-02 1.62367765e-02 1.55923134e-02 1.69473644e-02
 1.67265143e-02 1.43456655e-02 1.57862194e-02 1.61574241e-02
 1.72633138e-02 1.56822745e-02 1.57976151e-02 1.62271466e-02
 1.46809695e-02 1.44773796e-02 1.55850193e-02 1.66633409e-02
 1.65722612e-02 1.92016363e-02 1.97618324e-02 1.97920445e-02
 1.92940701e-02 2.13945564e-02 1.94338467e-02 1.93630587e-02
 1.88422371e-02 2.08629053e-02 2.36392152e-02 2.34347936e-02
 2.18154639e-02 2.12060381e-02 2.25592181e-02]