[6.2088173e-10 1.8905335e-03 2.8263342e-03 2.7703606e-03 3.1515490e-03
 3.4223914e-03 3.4036960e-03 3.3583057e-03 3.6893890e-03 3.7000731e-03
 3.6822509e-03 4.4676862e-03 4.9133166e-03 4.6783495e-03 4.4176541e-03
 5.4295440e-03 4.9500056e-03 5.0655627e-03 4.9500833e-03 4.9718698e-03
 5.3716251e-03 5.0861458e-03 5.1971576e-03 5.6691933e-03 6.9598667e-03
 7.2940015e-03 6.8597668e-03 7.1096867e-03 6.6289171e-03 6.3499673e-03
 6.8961512e-03 7.7869981e-03 8.0269156e-03 7.3743314e-03 8.3126649e-03
 8.0417423e-03 7.9781385e-03 7.6024211e-03 7.1344352e-03 7.8735752e-03
 9.6333036e-03 9.2307674e-03 9.8572783e-03 1.0740603e-02 1.0432416e-02
 1.0161825e-02 1.0264003e-02 1.0694344e-02 1.0498218e-02 9.9353092e-03
 1.0154105e-02]