[1.55220434e-10 4.18465352e-03 8.33293516e-03 1.01908138e-02
 1.16174808e-02 1.30176991e-02 1.36783300e-02 1.39784040e-02
 1.46978116e-02 1.51559412e-02 1.67949479e-02 1.71083864e-02
 1.80015918e-02 1.83242764e-02 1.78606827e-02 1.86908338e-02
 1.87296662e-02 2.02787537e-02 1.95128676e-02 2.02923007e-02
 2.09045578e-02 1.98727176e-02 2.00940799e-02 1.94167700e-02
 1.97657887e-02 2.04832219e-02 1.90342460e-02 1.63045134e-02
 1.52664306e-02 1.47417570e-02 1.43366037e-02 1.36237321e-02
 1.44645656e-02 1.49410469e-02 1.46369888e-02 1.20718814e-02
 1.11755235e-02 1.15433382e-02 1.12243518e-02 1.18857073e-02
 1.10918460e-02 1.05536813e-02 9.84954089e-03 9.12117679e-03
 8.56911857e-03 7.53273210e-03 8.08790699e-03 8.12253263e-03
 8.88976268e-03 9.10930056e-03 9.33344197e-03]