[4.6566129e-10 1.6526296e-03 1.9630792e-03 1.9657228e-03 2.1739460e-03
 2.7477660e-03 2.6076250e-03 2.6365605e-03 2.7592592e-03 2.9652191e-03
 2.9519107e-03 3.3016717e-03 3.1314094e-03 3.5142899e-03 3.8894855e-03
 5.1751588e-03 5.2281455e-03 4.7388677e-03 4.5531751e-03 4.5332559e-03
 4.9091340e-03 5.2752602e-03 5.0579081e-03 4.4709723e-03 5.4836073e-03
 5.9082084e-03 5.4213614e-03 5.5101016e-03 5.0551440e-03 5.0522373e-03
 5.7429466e-03 5.5500902e-03 5.5721016e-03 4.8349961e-03 4.3281587e-03
 4.9016401e-03 5.3332648e-03 4.8760693e-03 4.7856439e-03 5.1099402e-03
 6.3100369e-03 6.0216077e-03 6.5399464e-03 6.5244213e-03 6.7686010e-03
 6.9517908e-03 6.7613288e-03 6.7522172e-03 6.9323480e-03 6.9330651e-03
 7.3069818e-03]