[7.7610217e-11 2.6004959e-03 4.2304462e-03 4.1097268e-03 4.7840881e-03
 5.6645279e-03 5.5928747e-03 5.8726426e-03 6.4075016e-03 6.7488500e-03
 7.6665399e-03 7.7437889e-03 8.1713265e-03 7.6682828e-03 7.9724528e-03
 8.0526872e-03 7.6939096e-03 7.8696823e-03 8.2182875e-03 7.6588416e-03
 8.1934556e-03 8.1551941e-03 7.8987489e-03 7.4376217e-03 7.2034099e-03
 6.9473856e-03 7.5802300e-03 7.5254925e-03 7.1799769e-03 7.6777930e-03
 7.6778815e-03 7.2318665e-03 6.6028051e-03 6.5206569e-03 6.0161264e-03
 5.5401255e-03 5.2076248e-03 5.4604248e-03 5.3812503e-03 5.5860267e-03
 6.1799693e-03 5.2796076e-03 5.2743065e-03 4.6425243e-03 4.3108664e-03
 4.8393756e-03 4.6080868e-03 4.8546433e-03 4.8861434e-03 5.1046512e-03
 4.4332067e-03]