[5.0446641e-10 1.7911590e-03 2.3060024e-03 2.0585721e-03 2.2155957e-03
 2.4850739e-03 2.9342591e-03 2.7228899e-03 2.7189124e-03 3.4386704e-03
 3.3984110e-03 3.5597945e-03 3.8080092e-03 4.8916303e-03 4.4244542e-03
 4.6419301e-03 5.0413958e-03 4.7119013e-03 5.9510502e-03 6.2521026e-03
 6.1330334e-03 5.9509198e-03 6.6798269e-03 7.1759582e-03 8.0748582e-03
 8.0493363e-03 7.7662817e-03 7.5839111e-03 7.5165965e-03 7.7992901e-03
 8.5793482e-03 8.6063305e-03 8.5134171e-03 8.3287396e-03 8.1265112e-03
 8.1549296e-03 8.1000244e-03 7.3528062e-03 7.5375382e-03 8.4356964e-03
 8.6041344e-03 7.6489523e-03 6.6995476e-03 7.1328189e-03 7.1386285e-03
 7.3007816e-03 7.7740774e-03 7.9315566e-03 8.3396211e-03 8.9768684e-03
 8.5052410e-03]