[1.0089328e-09 1.8959806e-03 1.8439930e-03 2.5247680e-03 3.0102229e-03
 2.9628128e-03 3.0615062e-03 3.6749539e-03 3.6955383e-03 4.0456853e-03
 4.1118860e-03 4.1461810e-03 4.6250718e-03 4.0401719e-03 4.2886906e-03
 4.5590606e-03 4.2526419e-03 4.2239805e-03 4.5861499e-03 5.0825914e-03
 5.5064783e-03 6.2874053e-03 5.5771600e-03 5.4632709e-03 5.7701846e-03
 5.4135974e-03 5.5469773e-03 5.8498397e-03 6.6748434e-03 6.5593165e-03
 6.7318962e-03 7.0248782e-03 7.6342039e-03 8.1569487e-03 7.8311292e-03
 7.8103482e-03 7.7991853e-03 7.5096753e-03 7.1806666e-03 7.2553395e-03
 7.9335561e-03 6.6815712e-03 6.7598931e-03 7.1480065e-03 7.3788683e-03
 6.8569905e-03 6.6368100e-03 5.9594181e-03 6.3243941e-03 6.4893570e-03
 6.6553787e-03]