[3.72529030e-09 2.80471030e-03 4.30446258e-03 4.80147777e-03
 5.80703700e-03 7.15872133e-03 6.88994071e-03 7.11897900e-03
 7.09920982e-03 8.43889266e-03 1.04675973e-02 1.05769001e-02
 1.12802619e-02 1.17898593e-02 1.19355964e-02 1.26918135e-02
 1.28059611e-02 1.19715007e-02 1.14721395e-02 1.16117159e-02
 1.18224500e-02 1.15540661e-02 1.23103829e-02 1.32414224e-02
 1.12008872e-02 1.29806427e-02 1.28269941e-02 1.18927406e-02
 1.19735124e-02 1.25598572e-02 1.44528607e-02 1.59991570e-02
 1.69645641e-02 1.60468072e-02 1.59177557e-02 1.62342694e-02
 1.59461852e-02 1.59665905e-02 1.76937729e-02 1.75382476e-02
 1.83108952e-02 1.82327200e-02 1.81143042e-02 1.75511222e-02
 1.65896174e-02 1.79128703e-02 1.76164359e-02 1.76170040e-02
 1.89414304e-02 2.01991890e-02 1.96868256e-02]