[1.2805685e-09 1.4986320e-03 2.2255394e-03 2.5616998e-03 2.6665516e-03
 3.4338338e-03 3.8644087e-03 3.5316742e-03 3.8302029e-03 3.6956202e-03
 3.9992221e-03 4.3519824e-03 4.9478505e-03 5.7087406e-03 6.2865806e-03
 7.2512920e-03 7.1368255e-03 7.7930293e-03 6.4752535e-03 6.5423041e-03
 6.9736373e-03 6.4399745e-03 6.0902950e-03 6.7415112e-03 7.4541825e-03
 7.4207871e-03 6.9341105e-03 7.8773759e-03 8.0034267e-03 7.4842256e-03
 7.3418296e-03 6.4724064e-03 6.7257150e-03 6.8081617e-03 6.5502063e-03
 6.2924982e-03 7.3022260e-03 8.1965821e-03 8.9264056e-03 9.1852397e-03
 9.2630489e-03 9.2555517e-03 1.0441338e-02 1.0351167e-02 1.1369613e-02
 1.0871398e-02 1.1049844e-02 1.2353419e-02 1.2472558e-02 1.2875639e-02
 1.2890518e-02]