[2.1730859e-09 2.7023333e-03 3.8015042e-03 4.0559964e-03 4.5291884e-03
 5.3398218e-03 5.1503642e-03 5.6479946e-03 6.0065403e-03 5.5511985e-03
 6.2346603e-03 6.2963367e-03 7.3225028e-03 8.1189433e-03 7.5055989e-03
 7.1280063e-03 7.4321050e-03 7.3729455e-03 6.8114060e-03 7.0111747e-03
 7.0580877e-03 6.9675208e-03 6.7179068e-03 7.6555111e-03 7.8733778e-03
 7.5419634e-03 7.4215345e-03 7.2477018e-03 7.3070028e-03 6.9626658e-03
 6.3728173e-03 6.4296541e-03 6.4469329e-03 6.6211731e-03 6.3000973e-03
 6.3615628e-03 6.4913724e-03 7.1586668e-03 6.9398829e-03 6.1392025e-03
 6.4901169e-03 6.5394938e-03 5.6980154e-03 5.1446925e-03 5.0927941e-03
 5.2098320e-03 5.6797690e-03 5.7004211e-03 6.4894683e-03 6.2923268e-03
 6.6259485e-03]