[3.1044087e-10 2.7139012e-03 3.5637505e-03 4.1345297e-03 4.6884171e-03
 5.2865534e-03 6.1023035e-03 6.5201824e-03 7.3224045e-03 6.7177149e-03
 6.9810133e-03 7.1760281e-03 7.3387586e-03 7.0664003e-03 6.5811574e-03
 7.1925279e-03 6.9444310e-03 7.0218802e-03 7.0593948e-03 6.0820510e-03
 6.7988168e-03 6.8548336e-03 7.4230931e-03 6.6046007e-03 6.1416146e-03
 5.5291899e-03 5.2859285e-03 5.4581133e-03 6.0417564e-03 6.5190587e-03
 6.8728980e-03 6.9132498e-03 6.8771131e-03 7.4393577e-03 7.4233287e-03
 7.8573255e-03 8.3168494e-03 8.1188641e-03 7.4295434e-03 7.9066968e-03
 8.4841549e-03 8.7028248e-03 8.9556389e-03 9.1606583e-03 8.8799940e-03
 9.6142143e-03 8.8147633e-03 9.4204051e-03 9.5393425e-03 9.2470599e-03
 1.0402100e-02]