[3.10440867e-10 2.57421564e-03 4.17688908e-03 4.00301162e-03
 4.06563515e-03 4.86131757e-03 4.65026870e-03 5.45294723e-03
 5.79402735e-03 6.65858900e-03 6.84054429e-03 7.44865090e-03
 8.74919910e-03 1.14519447e-02 1.11121619e-02 1.16513595e-02
 1.17340041e-02 1.16615966e-02 1.05030350e-02 9.65166371e-03
 1.06492219e-02 1.04479892e-02 1.14869410e-02 1.26080466e-02
 1.14328600e-02 1.32806795e-02 1.30727403e-02 1.18423598e-02
 1.00694522e-02 1.09064216e-02 1.11514283e-02 1.02869058e-02
 9.97916516e-03 1.15133105e-02 1.25236353e-02 1.11115770e-02
 1.11592310e-02 1.04583651e-02 1.24904113e-02 1.03540979e-02
 1.13447728e-02 1.15547478e-02 1.08636608e-02 1.10380156e-02
 1.06387166e-02 1.07900603e-02 1.28782503e-02 1.31596224e-02
 1.31221460e-02 1.23300133e-02 1.12373531e-02]