[3.1044087e-10 3.8004636e-03 4.7290139e-03 5.7618846e-03 7.5518675e-03
 9.3893241e-03 9.7737703e-03 8.8789826e-03 8.6426958e-03 9.3252519e-03
 9.3349079e-03 1.0857627e-02 1.0704969e-02 1.2875386e-02 1.1769228e-02
 1.2507632e-02 1.3057859e-02 1.4383197e-02 1.4696337e-02 1.5009868e-02
 1.4785704e-02 1.2711413e-02 1.4218505e-02 1.3555035e-02 1.3462234e-02
 1.4612794e-02 1.5033889e-02 1.3642768e-02 1.3160683e-02 1.2849999e-02
 1.3857767e-02 1.3145171e-02 1.2797393e-02 1.3447327e-02 1.2632047e-02
 1.0321921e-02 9.9836001e-03 1.0593593e-02 1.1550705e-02 1.1031630e-02
 9.6229212e-03 9.3079871e-03 9.0575628e-03 8.6913677e-03 8.5591925e-03
 7.6463819e-03 9.2388289e-03 9.8146787e-03 9.0797609e-03 8.8968361e-03
 6.6073234e-03]