[9.3132257e-10 1.8022545e-03 2.1901510e-03 2.2425849e-03 2.3575223e-03
 2.5419630e-03 3.0538582e-03 3.1406255e-03 3.8598657e-03 4.6274397e-03
 5.0470629e-03 4.9229548e-03 5.4113367e-03 5.2747820e-03 4.7306996e-03
 4.6874448e-03 5.0001363e-03 4.7494271e-03 4.8036389e-03 4.6078037e-03
 4.5354678e-03 5.0475230e-03 5.1981383e-03 5.8893948e-03 5.4922234e-03
 5.6070536e-03 5.4950085e-03 5.8844299e-03 6.1727217e-03 6.3116439e-03
 6.2902919e-03 6.5290886e-03 6.3172262e-03 6.5164804e-03 6.2200595e-03
 6.3185641e-03 5.8259056e-03 6.4241081e-03 6.8894196e-03 6.9317170e-03
 6.8620197e-03 7.0045763e-03 7.4850172e-03 7.4039698e-03 7.4050264e-03
 7.4618510e-03 8.1571015e-03 8.5601509e-03 8.2993293e-03 8.2573555e-03
 9.1459872e-03]