[1.5522043e-10 1.6436096e-03 1.9927823e-03 2.2548537e-03 2.5484704e-03
 3.3013162e-03 3.3205871e-03 2.8205228e-03 2.8762424e-03 3.0958920e-03
 2.5752273e-03 3.0366101e-03 3.5187809e-03 3.8251712e-03 3.9276700e-03
 4.3406622e-03 3.9658002e-03 3.8502512e-03 4.2996951e-03 4.7269743e-03
 3.9629699e-03 4.3072933e-03 4.8063132e-03 5.0826757e-03 5.0722659e-03
 4.8658247e-03 5.1830951e-03 5.4565468e-03 6.7152134e-03 6.4882361e-03
 6.4022690e-03 6.5779481e-03 6.6079251e-03 6.8279505e-03 6.3578091e-03
 7.2013899e-03 6.7939400e-03 6.4641535e-03 6.2960298e-03 5.8342204e-03
 6.5542818e-03 6.4441212e-03 6.9614961e-03 6.9460347e-03 6.7229602e-03
 6.2156231e-03 6.1266026e-03 5.8598802e-03 5.9102215e-03 5.7764561e-03
 6.3098795e-03]