[1.55220434e-10 4.31451900e-03 6.04129070e-03 7.34735979e-03
 7.18590850e-03 9.12033487e-03 9.20755789e-03 9.09200963e-03
 9.34222713e-03 8.47680587e-03 1.03029460e-02 1.17697502e-02
 1.28067015e-02 1.47044882e-02 1.68780852e-02 1.67962145e-02
 1.66651439e-02 1.61653832e-02 1.35327680e-02 1.39588788e-02
 1.39104100e-02 1.38027295e-02 1.29912393e-02 1.40880374e-02
 1.41638815e-02 1.26247620e-02 1.10051362e-02 1.15135349e-02
 1.29169226e-02 1.36778755e-02 1.34102106e-02 1.27391024e-02
 1.45839853e-02 1.58277042e-02 1.66031178e-02 1.67237241e-02
 1.59006491e-02 1.64826531e-02 1.75513718e-02 1.91941652e-02
 1.80175249e-02 1.80069301e-02 1.72128212e-02 1.74747929e-02
 1.55416401e-02 1.69979688e-02 1.86512861e-02 1.79761332e-02
 1.72933191e-02 1.97906923e-02 2.20659357e-02]