[7.76102127e-10 3.16140731e-03 5.09115169e-03 6.74373098e-03
 7.25566596e-03 7.64619606e-03 7.82810058e-03 8.15813337e-03
 7.72366533e-03 8.90703686e-03 8.95558391e-03 9.35526472e-03
 1.10529633e-02 1.13160647e-02 1.04302829e-02 9.75913461e-03
 1.08645102e-02 9.86556709e-03 9.89733357e-03 9.61272325e-03
 9.93109122e-03 1.07235536e-02 1.16883842e-02 1.12676425e-02
 1.12083033e-02 1.12074791e-02 1.09171988e-02 8.97137728e-03
 9.25407931e-03 8.49774014e-03 8.78066663e-03 8.57481640e-03
 8.82182550e-03 8.24200921e-03 7.96975009e-03 7.44864345e-03
 7.39954412e-03 7.11440668e-03 7.57044554e-03 6.65773777e-03
 6.79539843e-03 7.74642406e-03 7.31715793e-03 6.76843710e-03
 6.85240375e-03 6.38094312e-03 7.65283173e-03 7.46817375e-03
 8.35754629e-03 8.37225467e-03 6.81870990e-03]