[6.20881735e-10 4.48316243e-03 7.22945854e-03 1.00650527e-02
 1.13334171e-02 1.32125029e-02 1.48430737e-02 1.57405138e-02
 1.58841740e-02 1.55463209e-02 1.70329232e-02 1.73269380e-02
 1.93108898e-02 1.89410858e-02 1.88059304e-02 1.90624725e-02
 2.04935204e-02 2.02957802e-02 2.05538496e-02 1.94316600e-02
 1.99166331e-02 1.85619351e-02 1.77043024e-02 1.74103845e-02
 1.67306568e-02 1.53466659e-02 1.55038936e-02 1.33419409e-02
 1.20108621e-02 1.17141828e-02 1.31161092e-02 1.21861016e-02
 1.42552676e-02 1.40155302e-02 1.48001434e-02 1.23914061e-02
 1.19931875e-02 1.09037086e-02 1.09890364e-02 1.20077161e-02
 1.08769694e-02 1.05151795e-02 9.48185101e-03 8.91749747e-03
 7.84220081e-03 8.07846803e-03 7.47454911e-03 6.09708950e-03
 6.51288265e-03 7.21490243e-03 7.76805170e-03]