[3.10440867e-10 3.69690615e-03 6.08594902e-03 5.62159857e-03
 6.03542617e-03 6.75193034e-03 6.87099760e-03 6.06954517e-03
 6.79958286e-03 8.79235566e-03 1.05487155e-02 1.16047421e-02
 1.38869090e-02 1.59484576e-02 1.50017040e-02 1.63677372e-02
 1.77074783e-02 1.98364276e-02 1.99891292e-02 1.89478081e-02
 2.00904403e-02 1.71932373e-02 1.69547889e-02 1.79756377e-02
 1.90157127e-02 1.80921499e-02 1.84872430e-02 1.68075673e-02
 1.55260144e-02 1.54013922e-02 1.59533992e-02 1.49577036e-02
 1.41653856e-02 1.42861800e-02 1.46410093e-02 1.27857001e-02
 1.31053925e-02 1.23273758e-02 1.26312347e-02 1.16186095e-02
 1.14958556e-02 1.05710858e-02 1.05583267e-02 1.06059862e-02
 8.11566226e-03 8.49969033e-03 9.75609664e-03 9.10452846e-03
 8.86411685e-03 9.12698451e-03 8.46199226e-03]