[1.55220425e-09 3.64049035e-03 6.47159154e-03 7.49334693e-03
 7.46513298e-03 7.27568706e-03 8.50954652e-03 9.29680932e-03
 7.93246459e-03 9.37911309e-03 1.04652829e-02 9.68140829e-03
 1.05305975e-02 1.22282393e-02 1.25600947e-02 1.37438066e-02
 1.39237307e-02 1.33251222e-02 1.27276080e-02 1.26196332e-02
 1.45929782e-02 1.44495638e-02 1.51456641e-02 1.58224404e-02
 1.51319643e-02 1.72992442e-02 1.68137979e-02 1.53051307e-02
 1.49884261e-02 1.57623198e-02 1.64305363e-02 1.54049350e-02
 1.47265010e-02 1.43791912e-02 1.36002293e-02 1.27162999e-02
 1.10097127e-02 1.05802752e-02 9.32579953e-03 9.74086206e-03
 9.50270612e-03 8.62687919e-03 7.79040763e-03 7.18387729e-03
 5.73673891e-03 4.98766592e-03 5.53469220e-03 4.68499586e-03
 5.32779889e-03 6.99982652e-03 8.21954664e-03]