[1.35817879e-09 2.50552665e-03 4.20481479e-03 5.47742471e-03
 5.86267002e-03 6.59411773e-03 7.92394765e-03 7.78673356e-03
 7.48703629e-03 9.25668981e-03 9.16801021e-03 9.25662369e-03
 1.09939789e-02 1.20486980e-02 1.20978421e-02 1.25721125e-02
 1.26916729e-02 1.28682377e-02 1.16519406e-02 1.15788793e-02
 1.11330738e-02 1.12367542e-02 1.11696338e-02 1.09874168e-02
 9.87714529e-03 1.02432407e-02 8.99238978e-03 7.82536250e-03
 1.01441806e-02 1.10320589e-02 1.13391755e-02 9.97313764e-03
 9.15791560e-03 1.03168972e-02 9.91144497e-03 9.46934987e-03
 9.56019480e-03 9.64743923e-03 1.00296466e-02 1.04362099e-02
 8.83588661e-03 7.87443202e-03 6.45079417e-03 7.13235745e-03
 7.76728615e-03 9.40456241e-03 9.49033722e-03 9.02422611e-03
 9.17041767e-03 8.73619411e-03 7.82459881e-03]