[1.8626451e-09 4.1755973e-03 6.2791533e-03 6.8497956e-03 7.1095037e-03
 7.3957299e-03 7.5797648e-03 7.4845371e-03 6.9797314e-03 7.1624392e-03
 7.4651050e-03 7.4170008e-03 7.8331418e-03 7.6386924e-03 9.0280669e-03
 9.5585799e-03 9.0050502e-03 8.6728148e-03 9.1079446e-03 8.8714622e-03
 9.1140633e-03 9.0038069e-03 8.6673573e-03 8.9004217e-03 9.8652523e-03
 9.0989415e-03 1.0097701e-02 1.0063252e-02 9.7137857e-03 9.1471784e-03
 9.0799667e-03 8.7897032e-03 8.6948304e-03 8.1183771e-03 7.7202036e-03
 7.2378726e-03 7.2520543e-03 7.9532890e-03 8.4003545e-03 8.1774751e-03
 7.7806241e-03 8.1498688e-03 8.4336698e-03 8.3213095e-03 8.2229385e-03
 7.9486966e-03 8.1700748e-03 8.0006681e-03 8.3229719e-03 8.6326450e-03
 8.2176439e-03]