[9.50725165e-10 2.41670455e-03 3.91397718e-03 5.13784355e-03
 5.13732107e-03 6.62385672e-03 6.70063728e-03 5.50018065e-03
 5.39725972e-03 6.81490311e-03 8.08401871e-03 9.21060890e-03
 9.16517526e-03 1.24614080e-02 1.28060328e-02 1.40365949e-02
 1.59071479e-02 1.57709513e-02 1.45205753e-02 1.36427023e-02
 1.37379616e-02 1.21629722e-02 1.23677226e-02 1.28284814e-02
 1.33482283e-02 1.38128465e-02 1.40122818e-02 1.29876928e-02
 1.40787354e-02 1.50750317e-02 1.47344032e-02 1.35102049e-02
 1.41798304e-02 1.53641300e-02 1.50149697e-02 1.28933927e-02
 1.27420565e-02 1.29353506e-02 1.36048272e-02 1.32846907e-02
 1.25055462e-02 1.28531130e-02 1.33447768e-02 1.37182055e-02
 1.25376731e-02 1.29245417e-02 1.26576722e-02 1.24425935e-02
 1.21584060e-02 1.16370572e-02 1.28457742e-02]