[4.6566129e-10 2.7082774e-03 3.4688301e-03 4.1815285e-03 4.7755260e-03
 4.8631802e-03 6.0239672e-03 5.4746754e-03 5.9863604e-03 5.6944103e-03
 6.1242660e-03 5.8447947e-03 6.1312527e-03 7.1003917e-03 6.4546769e-03
 7.2940341e-03 7.0310705e-03 6.9216643e-03 6.5963306e-03 6.5033082e-03
 7.1130507e-03 6.8275961e-03 7.2415639e-03 5.7244771e-03 5.0123301e-03
 5.3328811e-03 5.2691419e-03 4.7731558e-03 5.2910051e-03 4.5575299e-03
 5.2288268e-03 5.3037643e-03 5.3720023e-03 5.7113566e-03 5.6919493e-03
 5.3441860e-03 4.9936878e-03 5.0746519e-03 5.1697283e-03 5.1094759e-03
 5.6353626e-03 5.9880936e-03 5.5867513e-03 5.8739260e-03 5.0196168e-03
 5.9507550e-03 6.3642268e-03 5.7299123e-03 5.4042940e-03 5.7442095e-03
 5.1450818e-03]