[9.31322575e-10 2.68341531e-03 4.84074559e-03 5.54627879e-03
 6.94564497e-03 6.66593621e-03 5.97417355e-03 6.63817907e-03
 7.62549043e-03 7.76918372e-03 7.98923988e-03 8.35910067e-03
 1.04151210e-02 1.22654838e-02 1.23459948e-02 1.31864240e-02
 1.42323300e-02 1.53858243e-02 1.38258552e-02 1.40018119e-02
 1.47052677e-02 1.46444635e-02 1.50044700e-02 1.57704167e-02
 1.64000466e-02 1.80985071e-02 1.89848039e-02 1.63101945e-02
 1.56383347e-02 1.61882471e-02 1.66758541e-02 1.61981452e-02
 1.77667532e-02 1.74849872e-02 1.70972329e-02 1.45269185e-02
 1.37528107e-02 1.28935454e-02 1.25329318e-02 1.17794788e-02
 1.01894327e-02 9.11489595e-03 9.77120921e-03 9.67217609e-03
 9.95237287e-03 1.13246664e-02 1.13574704e-02 1.00301988e-02
 1.03591867e-02 1.07720895e-02 1.11736134e-02]