[2.63874722e-09 3.18837748e-03 4.52011963e-03 5.99526986e-03
 8.15353822e-03 9.25125647e-03 9.76960827e-03 9.30163357e-03
 9.98430979e-03 1.10603096e-02 1.28391935e-02 1.31484419e-02
 1.51664652e-02 1.54989390e-02 1.47888986e-02 1.52862035e-02
 1.64602660e-02 1.58178397e-02 1.58595908e-02 1.54186413e-02
 1.47099895e-02 1.39600607e-02 1.31116174e-02 1.51152229e-02
 1.48702012e-02 1.32615017e-02 1.18093751e-02 1.07220234e-02
 1.16812168e-02 1.14304507e-02 1.11772977e-02 1.10455984e-02
 1.10794222e-02 1.05466582e-02 9.85597540e-03 8.56695510e-03
 9.19525418e-03 7.84904882e-03 8.72278586e-03 8.56903289e-03
 7.64943892e-03 7.31969858e-03 7.25576142e-03 6.89153001e-03
 6.00968814e-03 7.69389374e-03 6.49087876e-03 6.46162778e-03
 7.74597516e-03 6.67606667e-03 7.39073334e-03]