[2.79396772e-09 3.70224006e-03 5.03085321e-03 6.39658421e-03
 6.36407919e-03 7.42225908e-03 8.65009427e-03 9.22479108e-03
 8.58393032e-03 7.75673240e-03 8.49188399e-03 1.01174470e-02
 1.21679194e-02 1.25572244e-02 1.26683293e-02 1.24901412e-02
 1.29276710e-02 1.29864747e-02 1.19408844e-02 1.16613274e-02
 1.15773240e-02 1.11610703e-02 1.26909912e-02 1.22660371e-02
 1.33304792e-02 1.34431450e-02 1.32297771e-02 1.25615736e-02
 1.46374376e-02 1.39002083e-02 1.38115808e-02 1.34157194e-02
 1.38614858e-02 1.34504540e-02 1.31842764e-02 1.17425248e-02
 1.08753843e-02 1.18962005e-02 1.22544104e-02 1.23879686e-02
 1.22801093e-02 1.27354823e-02 1.24333575e-02 1.17894858e-02
 1.08749932e-02 1.15244510e-02 1.13586159e-02 1.12403259e-02
 1.32824741e-02 1.33867646e-02 1.33936480e-02]