[3.1165351e-10 9.0589916e-04 2.0646835e-03 2.2803165e-03 2.2920032e-03
 2.9315918e-03 3.4147918e-03 3.2387201e-03 3.1263633e-03 3.1614825e-03
 3.3447845e-03 3.4538542e-03 3.8891854e-03 3.6980892e-03 4.1642925e-03
 4.5360648e-03 4.2599537e-03 3.9968882e-03 3.7908191e-03 3.9170510e-03
 3.7381819e-03 4.3189009e-03 4.5021973e-03 5.1360340e-03 5.1174741e-03
 5.3399350e-03 4.5821629e-03 5.2918964e-03 5.7886080e-03 5.7880282e-03
 5.7156482e-03 6.2422077e-03 6.1218911e-03 5.9778434e-03 5.6153312e-03
 6.2690321e-03 6.6013373e-03 5.9897401e-03 5.4521612e-03 5.2100229e-03
 5.9921569e-03 5.3258822e-03 5.2398271e-03 5.1242416e-03 4.6764915e-03
 4.2776945e-03 4.6558608e-03 5.1549659e-03 5.1269257e-03 4.8391675e-03
 5.3054779e-03]