[4.96705388e-09 3.36055085e-03 5.17931068e-03 6.90467143e-03
 7.18089612e-03 8.72216281e-03 9.96351987e-03 9.36975516e-03
 9.11802333e-03 9.18693189e-03 9.91554093e-03 1.00866081e-02
 1.11419419e-02 1.01362905e-02 9.86051559e-03 1.14669390e-02
 1.18625984e-02 1.30294189e-02 1.34271951e-02 1.42554790e-02
 1.31093664e-02 1.25131821e-02 1.30003095e-02 1.41785713e-02
 1.44612314e-02 1.46410065e-02 1.41752586e-02 1.50066279e-02
 1.43342987e-02 1.38342725e-02 1.39053315e-02 1.30985202e-02
 1.35444542e-02 1.37996264e-02 1.38162030e-02 1.35526294e-02
 1.27026178e-02 1.32710263e-02 1.37369139e-02 1.48243168e-02
 1.60241034e-02 1.68914385e-02 1.61866993e-02 1.71216577e-02
 1.63546465e-02 1.79099590e-02 1.97894033e-02 2.01124884e-02
 1.92227382e-02 1.95798948e-02 1.73767451e-02]