[1.55220434e-10 5.02347341e-03 6.57053897e-03 6.66579418e-03
 7.69303367e-03 8.43437109e-03 9.51767061e-03 8.75748694e-03
 9.15034115e-03 9.00324155e-03 1.07063735e-02 1.15671353e-02
 1.19670285e-02 1.22592337e-02 1.17127374e-02 1.09222298e-02
 1.21045830e-02 1.22015961e-02 1.29290195e-02 1.15534319e-02
 1.28284516e-02 1.16388751e-02 1.23759368e-02 1.13318041e-02
 1.18240835e-02 1.26632564e-02 1.21800415e-02 1.14689199e-02
 1.08721061e-02 1.13333976e-02 1.08635789e-02 1.11503974e-02
 1.04438439e-02 1.09777106e-02 1.09479316e-02 1.10878581e-02
 1.02189295e-02 9.61655285e-03 9.40906350e-03 8.89120623e-03
 8.15007184e-03 8.18607491e-03 7.88520090e-03 8.55055265e-03
 7.84087647e-03 7.96243362e-03 8.85509234e-03 8.20227247e-03
 8.80922657e-03 7.81225925e-03 7.96436053e-03]