[3.72529030e-09 1.82808435e-03 3.69423465e-03 4.83521214e-03
 5.31512313e-03 6.08088681e-03 6.12552278e-03 5.84637141e-03
 7.20166974e-03 7.57026533e-03 9.44481138e-03 9.14883148e-03
 9.03946534e-03 1.08925141e-02 1.17421439e-02 1.34010939e-02
 1.28594069e-02 1.11350147e-02 1.22997789e-02 1.32047571e-02
 1.43687390e-02 1.50161749e-02 1.61886234e-02 1.65340677e-02
 1.53057380e-02 1.64795760e-02 1.45583199e-02 1.51598686e-02
 1.28443660e-02 1.22506917e-02 1.17427865e-02 1.20647745e-02
 1.34042548e-02 1.29467649e-02 1.27856536e-02 1.40301315e-02
 1.27780074e-02 1.39452619e-02 1.42811686e-02 1.65837761e-02
 1.59340892e-02 1.56827979e-02 1.72218736e-02 1.70394629e-02
 1.54564008e-02 1.70725491e-02 1.60475615e-02 1.51588572e-02
 1.44353313e-02 1.37681598e-02 1.38387131e-02]