[6.20881735e-10 3.38210352e-03 5.80227235e-03 6.20060368e-03
 6.93088770e-03 7.87233096e-03 8.33787024e-03 8.81945621e-03
 9.54665150e-03 8.05711281e-03 9.30623896e-03 1.10690603e-02
 1.17372004e-02 1.22962594e-02 1.43884523e-02 1.47489002e-02
 1.50930509e-02 1.54935503e-02 1.44032845e-02 1.39074996e-02
 1.38554825e-02 1.33701079e-02 1.30756097e-02 1.38611896e-02
 1.47425681e-02 1.34756183e-02 1.46400975e-02 1.35542424e-02
 1.49596231e-02 1.46352714e-02 1.52960839e-02 1.57671720e-02
 1.68219078e-02 1.70387384e-02 1.90557670e-02 2.02999637e-02
 1.95443016e-02 1.93869006e-02 2.06834096e-02 2.13566031e-02
 2.06668582e-02 2.00043228e-02 1.95687041e-02 1.96123738e-02
 1.86531041e-02 1.79845691e-02 1.72121618e-02 1.68808028e-02
 1.69097967e-02 1.88028309e-02 2.02343483e-02]