[1.24176347e-09 3.04060709e-03 4.42895805e-03 5.31821931e-03
 5.32906130e-03 5.56345470e-03 5.20027382e-03 4.65682754e-03
 4.64072777e-03 4.86551970e-03 5.66533767e-03 6.15547039e-03
 6.87830849e-03 8.32535699e-03 9.61001962e-03 9.76745039e-03
 8.67628399e-03 8.75753816e-03 8.85203481e-03 7.62861362e-03
 9.41331778e-03 8.63272790e-03 9.88191087e-03 1.02565056e-02
 1.03798555e-02 1.12382444e-02 1.08085489e-02 1.06465472e-02
 9.61612072e-03 1.00208325e-02 9.08818468e-03 8.19464680e-03
 7.25562638e-03 7.48579623e-03 8.65555089e-03 8.71118158e-03
 8.71629920e-03 8.72637052e-03 1.14533976e-02 1.22397654e-02
 1.21222846e-02 1.13565577e-02 1.17816515e-02 1.05500510e-02
 1.11599229e-02 1.28458561e-02 1.39778806e-02 1.36138052e-02
 1.29649760e-02 1.33214677e-02 1.35661205e-02]