[1.5522043e-10 2.5209414e-03 4.1454094e-03 5.6509594e-03 6.2825908e-03
 6.7111258e-03 6.4411573e-03 6.5821051e-03 7.1482076e-03 6.6853804e-03
 7.4322354e-03 8.6538112e-03 8.9981640e-03 1.0366774e-02 1.2065175e-02
 1.1404447e-02 1.1820330e-02 1.2660134e-02 1.2541741e-02 1.4394551e-02
 1.4171357e-02 1.4129740e-02 1.4128192e-02 1.4641457e-02 1.4785628e-02
 1.4984962e-02 1.5091922e-02 1.4969622e-02 1.3621837e-02 1.5306409e-02
 1.4521751e-02 1.2640581e-02 1.2933679e-02 1.3457323e-02 1.4932328e-02
 1.3088863e-02 1.4206515e-02 1.5060838e-02 1.4588204e-02 1.4392771e-02
 1.4252060e-02 1.4006098e-02 1.3991232e-02 1.2211894e-02 1.3212923e-02
 1.2808832e-02 1.2416626e-02 1.2736234e-02 1.2778317e-02 1.4065950e-02
 1.3656187e-02]