[2.0178657e-09 3.0241720e-03 4.4928887e-03 6.1911610e-03 7.1504568e-03
 8.1089335e-03 8.2547041e-03 8.0205547e-03 7.1106846e-03 8.6709009e-03
 9.2565613e-03 9.8773809e-03 9.9148927e-03 9.2680193e-03 8.8533862e-03
 9.2429342e-03 8.7980786e-03 8.5095344e-03 7.2490722e-03 6.5714582e-03
 6.1595258e-03 6.0186535e-03 5.7401038e-03 6.2666568e-03 6.1999946e-03
 6.1651249e-03 6.1649904e-03 6.7701074e-03 6.3862707e-03 6.0303919e-03
 7.0280954e-03 6.8224184e-03 6.1895498e-03 5.6037982e-03 5.4947883e-03
 5.6488528e-03 5.4155965e-03 6.5014469e-03 7.0909359e-03 6.4290278e-03
 6.6989693e-03 6.7555904e-03 6.6953208e-03 6.6986680e-03 6.3358028e-03
 6.3657835e-03 7.8708380e-03 8.4066000e-03 8.1357239e-03 7.2205230e-03
 6.1402214e-03]