[1.5522043e-10 1.7123459e-03 3.1757324e-03 4.3309294e-03 5.1775798e-03
 5.8659934e-03 7.2726104e-03 7.4907467e-03 7.5621195e-03 7.7751367e-03
 9.4934897e-03 9.3168523e-03 1.0865364e-02 1.2667454e-02 1.3037887e-02
 1.4133624e-02 1.5370984e-02 1.4734025e-02 1.5088796e-02 1.4676229e-02
 1.6313946e-02 1.5432962e-02 1.4904403e-02 1.4465156e-02 1.5609984e-02
 1.6852211e-02 1.7220324e-02 1.4608942e-02 1.3718550e-02 1.5401366e-02
 1.6703498e-02 1.5704468e-02 1.8063419e-02 1.8136373e-02 1.7610190e-02
 1.8863380e-02 1.6645711e-02 1.8290898e-02 1.7951192e-02 1.9817809e-02
 1.7435001e-02 1.7006367e-02 1.7338144e-02 1.8145181e-02 1.6462155e-02
 1.7347900e-02 1.7459957e-02 1.8781649e-02 1.8012004e-02 1.7281452e-02
 1.5507567e-02]