[6.20881735e-10 3.64016532e-03 5.55243203e-03 5.99755766e-03
 6.17237343e-03 5.68295503e-03 5.70427952e-03 6.05832459e-03
 6.03710068e-03 7.01498240e-03 7.11461017e-03 7.13603711e-03
 6.93613058e-03 6.95698755e-03 6.89666206e-03 7.38300756e-03
 7.71109760e-03 8.34690500e-03 8.10920820e-03 9.07427073e-03
 9.34145320e-03 9.74975526e-03 9.56444908e-03 9.88053437e-03
 9.48673394e-03 9.69809294e-03 1.00414269e-02 9.53772757e-03
 9.84779745e-03 9.94309504e-03 1.06262267e-02 1.02761844e-02
 1.02907317e-02 1.08048124e-02 9.88199282e-03 8.77808407e-03
 8.95150471e-03 9.85075254e-03 1.07813058e-02 1.08283581e-02
 9.66156274e-03 9.63264238e-03 1.04664443e-02 1.04989633e-02
 1.00833261e-02 1.00673614e-02 1.11052962e-02 1.01614930e-02
 1.03902705e-02 1.10309673e-02 1.09069096e-02]