[6.2088173e-10 2.3249474e-03 4.1214260e-03 3.9449814e-03 4.4588433e-03
 4.4985362e-03 4.1291374e-03 3.5638574e-03 4.6971343e-03 4.9039829e-03
 5.2053086e-03 5.3035580e-03 5.0262469e-03 4.9253018e-03 5.9262640e-03
 7.1583479e-03 7.3666465e-03 7.2089457e-03 7.0283762e-03 6.6438154e-03
 7.1604005e-03 7.4013839e-03 7.0975018e-03 7.2597191e-03 7.0962892e-03
 7.3286430e-03 7.0343339e-03 7.4964538e-03 8.1064440e-03 8.0836574e-03
 7.7156187e-03 7.5744041e-03 7.0292912e-03 7.1491902e-03 7.1730525e-03
 7.2766622e-03 6.7404672e-03 6.8792650e-03 6.5716519e-03 5.9795436e-03
 5.6758844e-03 5.4854248e-03 5.5494155e-03 5.6579225e-03 5.2124225e-03
 5.3192265e-03 5.8588884e-03 5.4648761e-03 5.7375855e-03 5.6133349e-03
 6.2189125e-03]