[6.20881735e-10 2.45145219e-03 3.71045060e-03 4.79415851e-03
 4.54628980e-03 4.99261590e-03 5.27890539e-03 5.48477145e-03
 5.89305488e-03 6.86272001e-03 7.64661981e-03 6.83439523e-03
 7.57890148e-03 6.60766801e-03 8.47158488e-03 9.36152786e-03
 9.36647411e-03 1.07598230e-02 1.09784082e-02 1.02155823e-02
 1.04644820e-02 1.11509440e-02 1.18038533e-02 1.13809258e-02
 1.05083724e-02 1.11952154e-02 1.09905945e-02 1.09654171e-02
 1.04471715e-02 1.14353439e-02 1.09784370e-02 1.13062738e-02
 1.09573109e-02 1.11340769e-02 1.05215264e-02 1.08427592e-02
 9.85018071e-03 1.05847791e-02 1.04168979e-02 1.04465941e-02
 9.90147237e-03 8.82024970e-03 9.48299374e-03 9.40472260e-03
 9.20401979e-03 1.01861572e-02 1.14177456e-02 1.31720277e-02
 1.34049365e-02 1.23054897e-02 9.96980350e-03]