[5.4327148e-10 1.4400845e-03 1.7392691e-03 2.3589018e-03 2.0994495e-03
 2.3743573e-03 2.2014610e-03 2.5841205e-03 2.8151907e-03 3.1752626e-03
 3.9029075e-03 3.5455227e-03 3.0660753e-03 3.4505178e-03 4.0164948e-03
 4.6953023e-03 5.1885392e-03 5.5094273e-03 4.8903846e-03 5.2020545e-03
 5.7245209e-03 6.2426752e-03 6.0975463e-03 6.3502057e-03 6.1010122e-03
 6.2216395e-03 6.8158954e-03 7.2696288e-03 7.1044359e-03 6.7955963e-03
 6.6539175e-03 6.7001823e-03 7.4265408e-03 7.7408962e-03 7.7070086e-03
 7.8820987e-03 8.5313283e-03 8.0056265e-03 7.6752133e-03 7.2817537e-03
 7.5230277e-03 6.7810561e-03 6.4672995e-03 6.2075681e-03 5.8617201e-03
 5.4323985e-03 5.2759941e-03 5.1923716e-03 4.8943278e-03 4.0478106e-03
 4.8488718e-03]