[1.5522043e-10 2.6933085e-03 4.3484378e-03 3.9208704e-03 4.4692098e-03
 4.5879949e-03 4.8964913e-03 4.6760351e-03 4.1495226e-03 4.4061518e-03
 5.7482491e-03 6.6998322e-03 6.5901871e-03 7.4941632e-03 7.3106005e-03
 7.1870759e-03 7.1359812e-03 8.5679954e-03 7.2992234e-03 7.5526494e-03
 7.3857214e-03 7.7203233e-03 6.9724186e-03 7.4542798e-03 7.6365205e-03
 7.1491110e-03 7.4071921e-03 5.9846193e-03 6.0441922e-03 7.6010227e-03
 7.4360012e-03 6.6539203e-03 6.8410318e-03 7.1914140e-03 6.7632184e-03
 6.9643608e-03 6.6554248e-03 6.2841843e-03 6.0525090e-03 6.4912154e-03
 5.6667067e-03 5.1927809e-03 4.8753265e-03 5.1744017e-03 4.2462624e-03
 5.1575699e-03 5.5079474e-03 5.2203569e-03 5.2339756e-03 4.6463213e-03
 4.1191238e-03]