[6.20881735e-10 2.21919827e-03 3.15466407e-03 4.02377313e-03
 4.97434707e-03 5.64676151e-03 5.22653153e-03 6.25664135e-03
 7.76050938e-03 6.59425743e-03 7.66081922e-03 8.03661346e-03
 9.05308966e-03 1.10930046e-02 1.17676975e-02 1.18451668e-02
 1.24133220e-02 1.33932410e-02 1.25018284e-02 1.26400739e-02
 1.31925503e-02 1.29938563e-02 1.23208566e-02 1.43190017e-02
 1.43558932e-02 1.48224281e-02 1.52043300e-02 1.21485023e-02
 1.22064566e-02 1.27403513e-02 1.28399627e-02 1.16596147e-02
 1.44599611e-02 1.64318047e-02 1.84719693e-02 1.62619930e-02
 1.46250455e-02 1.35956304e-02 1.50237503e-02 1.60709675e-02
 1.44285485e-02 1.47378594e-02 1.37391360e-02 1.49675719e-02
 1.24026230e-02 1.31924897e-02 1.70434490e-02 1.75607968e-02
 1.75420716e-02 1.65241119e-02 1.54301720e-02]