[6.20881735e-10 4.93637798e-03 7.44030485e-03 9.52144060e-03
 1.08446181e-02 1.22925527e-02 1.35571351e-02 1.39509188e-02
 1.42856622e-02 1.45124746e-02 1.50877675e-02 1.57845523e-02
 1.59708317e-02 1.67011824e-02 1.70999300e-02 1.74955651e-02
 1.76254436e-02 1.70279294e-02 1.57541167e-02 1.58085600e-02
 1.66828576e-02 1.71104893e-02 1.73495598e-02 1.69722773e-02
 1.58671811e-02 1.55861573e-02 1.43426182e-02 1.22298561e-02
 1.33833261e-02 1.43565908e-02 1.39092850e-02 1.31465392e-02
 1.27127944e-02 1.13680298e-02 1.14606069e-02 1.12576233e-02
 1.08936913e-02 1.05056604e-02 1.04362294e-02 9.44862608e-03
 9.20818280e-03 1.01621849e-02 1.00940876e-02 8.96657072e-03
 7.60527840e-03 8.75226129e-03 9.38615948e-03 9.47856065e-03
 9.63850785e-03 9.12522152e-03 9.31342132e-03]